epoch= 9, accuracy= 0.520710, auc= 0.534894
epoch= 9, accuracy= 0.497041, auc= 0.556738
epoch= 9, accuracy= 0.526627, auc= 0.502695
